
L2C 224x224
episode: 160000 loss 0.08337080478668213
Testing...
test accuracy: 0.6597111111111111 h: 0.0070406075487363055
test accuracy: 0.6571555555555555 h: 0.006892581684372884
Testing...
test accuracy: 0.6610444444444444 h: 0.0072159981946777856
Testing...
test accuracy: 0.6614444444444445 h: 0.0067731113615312755
Testing...
test accuracy: 0.6599111111111111 h: 0.006953935987583257


5way5shot, mini, 
10x10， pool(5,5,0)
0.70222, 0.62667, 0.67111, 0.74000, 0.72444, 0.68000, 0.69778, 0.76222, 0.69333, 0.75556, 0.70444, 0.66222, 0.70000, 0.72222, 0.69111, 0.64667, 0.74667, 0.72667, 0.67556, 0.71111, 0.73111, 0.70444, 0.71778, 0.68222, 0.72444, 0.67333, 0.74444, 0.68000, 0.73778, 0.61778, 0.70667, 0.68889, 0.62000, 0.70000, 0.66000, 0.72667, 0.68889, 0.75333, 0.68222, 0.72000, 0.68000, 0.72000, 0.65333, 0.71111, 0.72889, 0.74000, 0.76000, 0.73556, 0.71778, 0.64000, 0.75556, 0.71778, 0.71333, 0.69111, 0.70444, 0.66444, 0.71333, 0.68000, 0.73556, 0.66444, 0.69778, 0.68222, 0.67556, 0.67556, 0.68889, 0.71333, 0.70667, 0.72222, 0.68889, 0.70000, 0.70444, 0.73333, 0.67111, 0.68000, 0.72667, 0.76000, 0.79556, 0.68444, 0.70444, 0.72444, 0.62000, 0.64444, 0.65556, 0.69333, 0.71111, 0.68222, 0.69778, 0.69556, 0.70889, 0.68889, 0.71556, 0.68667, 0.67556, 0.71556, 0.71556, 0.74444, 0.70667, 0.65111, 0.73333, 0.72667, 
accuracy: 0.7013111111111111 sem: 0.00666186568615297
<<<<<<<<< accuracy: 0.7013111111111111 best accuracy: 0.6987421383647799 >>>>>>>>

1x1, pool(50, 50)
0.66667, 0.64556, 0.60333, 0.66667, 0.65778, 0.63889, 0.62778, 0.65889, 0.63778, 0.63111, 0.61889, 0.62778, 0.62444, 0.67222, 0.67667, 0.67333, 
accuracy: 0.6454861111111112 sem: 0.011958175834970473
<<<<<<<<< accuracy: 0.6454861111111112 best accuracy: 0.6417037037037037 >>>>>>>>


3x3, pool(16, 16)
0.69000, 0.68667, 0.63667, 0.68444, 0.71111, 0.71222, 0.71111, 0.68778, 0.68778, 0.70778, 0.69889, 0.73778, 0.65667, 0.70000, 0.67333, 0.70222, 0.66333, 0.72444, 0.66111, 0.73333, 0.72667, 0.72556, 0.68222, 0.68556, 0.71556, 0.72111, 0.67889, 0.66778, 0.73000, 0.74444, 0.65333, 0.66889, 0.70222, 0.70000, 0.66111, 0.69111, 0.69444, 0.69889, 
accuracy: 0.6951169590643275 sem: 0.008488714307277689
<<<<<<<<< accuracy: 0.6951169590643275 best accuracy: 0.6944017094017093 >>>>>>>>


5x5, pool(10, 10)

0.68444, 0.72741, 0.69778, 0.67259, 0.71704, 0.69481, 0.70963, 0.67556, 0.70222, 0.72741, 0.70815, 0.73333, 0.70667, 0.69778, 0.70370, 0.72296, 0.65778, 0.69037, 0.68741, 0.71556, 0.71852, 0.74222, 0.69185, 0.63852, 0.67259, 0.65481, 0.71259, 0.67407, 0.71111, 0.70074, 0.70222, 0.70074, 0.71407, 0.73185, 0.67111, 0.73778, 0.69630, 0.70370, 0.72000, 0.66963, 0.65333, 0.74519, 0.62963, 0.70667, 0.68296, 0.73926, 0.68593, 0.64593, 0.70963, 0.74074, 0.67259, 
accuracy: 0.6982135076252723 sem: 0.00781628358536463
<<<<<<<<< accuracy: 0.6982135076252723 best accuracy: 0.6988588588588588 >>>>>>>>


7x7, pool(7, 7)
0.65630, 0.77037, 0.71407, 0.73333, 0.70519, 0.71704, 0.69630, 0.71852, 0.70370, 0.75407, 0.72593, 0.71556, 0.69481, 0.71704, 0.68889, 0.67704, 0.64889, 0.68148, 0.74370, 0.69333, 0.70074, 0.70370, 0.69778, 0.68000, 0.68741, 0.66963, 0.68000, 0.68593, 0.69333, 0.66519, 0.67259, 0.69481, 0.66963, 0.68000, 0.70667, 0.68148, 0.69333, 0.71111, 0.66370, 0.71556, 0.72148, 0.68296, 0.67407, 0.65333, 0.75407, 0.67704, 0.68593, 0.67852, 0.70370, 0.72593, 0.67407, 
accuracy: 0.6968482207697896 sem: 0.007410210486941866
<<<<<<<<< accuracy: 0.6968482207697896 best accuracy: 0.6962962962962962 >>>>>>>>
Saved to checkpoint: ckpt/naive5_7x755.mdl




9x9, pool(7, 5)
0.69778, 0.65111, 0.72444, 0.72000, 0.72000, 0.78444, 0.72889, 0.69111, 0.69111, 0.69333, 0.74889, 0.66444, 0.68667, 0.70444, 0.68444, 0.71111, 0.70889, 0.70667, 0.71778, 0.70222, 0.73778, 0.68000, 0.73778, 0.69556, 0.69778, 0.67778, 0.69333, 0.71778, 0.79111, 0.68444, 0.73333, 0.63778, 0.75333, 0.73111, 0.65333, 0.74444, 0.66444, 0.78222, 0.75556, 0.73556, 0.69333, 0.74889, 0.72889, 0.72222, 0.70222, 0.71333, 0.74000, 0.72000, 0.68000, 0.77556, 0.76000, 0.75333, 0.64222, 0.73778, 0.73778, 0.72889, 0.66000, 0.71111, 0.71333, 0.74222, 0.65778, 0.65111, 0.76667, 0.74000, 0.69778, 0.72667, 0.70222, 0.74222, 0.72444, 0.73111, 0.69556, 0.67333, 0.69111, 0.66000, 0.71556, 0.72222, 0.70000, 0.64444, 0.66000, 0.68222, 0.71556, 0.69556, 0.61111, 0.72222, 0.66667, 0.76000, 0.74444, 0.72222, 0.72222, 0.72222, 0.77778, 0.69556, 0.68000, 0.65778, 0.70444, 0.66000, 0.71333, 0.68889, 0.71111, 0.70444, 
accuracy: 0.7091333333333333 sem: 0.007052458596704263
<<<<<<<<< accuracy: 0.7091333333333333 best accuracy: 0.7073777777777779 >>>>>>>>
Saved to checkpoint: ckpt/naive5_9x955.mdl


